0.006379
0.006618
0.006509
0.006442
0.006629
0.006322
0.006522
0.006479
0.006617
0.006764
0.006708
0.006621
0.006248
0.006762
0.006612
0.006463
0.006287
0.006611
0.006550
0.007061
0.006967
0.006384
0.006524
0.006557
0.006793
0.006397
0.006420
0.006643
0.006191
0.006499
0.006348
0.006431
0.006317
0.006456
0.006012
0.006844
0.006768
0.007062
0.006571
0.006965
0.006456
0.006980
0.006580
0.006613
0.006792
0.006411
0.006503
0.006305
0.006587
0.006716
0.006570
0.006550
0.006717
0.006582
0.006225
0.006667
0.006745
0.006849
0.006362
0.006337
0.006401
0.006770
0.006658
0.006903
0.007163
0.007073
0.006499
0.006844
0.006508
0.007007
0.006736
0.007102
0.006883
0.007237
0.007096
0.006463
0.007718
0.005780
0.007069
0.006742
0.006550
0.006766
0.006681
0.006671
0.006384
0.006588
0.007165
0.006724
0.006367
0.006530
0.006867
0.006775
0.006395
0.006743
0.006476
0.006815
0.006828
0.006795
0.006469
0.006223
