0.003584
0.004227
0.004831
0.005971
0.010125
0.006499
0.007616
0.006548
0.007649
0.006801
0.006631
0.006626
0.006805
0.007224
0.007023
0.007032
0.007711
0.006793
0.006880
0.007603
0.007786
0.007134
0.007059
0.008692
0.007018
0.008286
0.007745
0.007636
0.006689
0.007601
0.006219
0.008099
0.007216
0.007169
0.007851
0.008696
0.007444
0.008812
0.007737
0.007731
0.007419
0.007142
0.007415
0.007131
0.008003
0.007543
0.011667
0.007668
0.007534
0.008007
0.008133
0.007230
0.007836
0.007712
0.008545
0.008486
0.008005
0.007753
0.007951
0.007659
0.008049
0.007845
0.007827
0.007973
0.008162
0.008035
0.008160
0.008079
0.008702
0.008370
0.009028
0.008036
0.008751
0.007494
0.008252
0.008812
0.008349
0.008669
0.009039
0.008821
0.009119
0.008693
0.009110
0.009022
0.009328
0.008591
0.009107
0.009176
0.008451
0.011371
0.009189
0.009012
0.009579
0.008930
0.008913
0.009099
0.008984
0.009165
0.009349
0.009070
