0.015429
0.006395
0.006489
0.006609
0.006566
0.006313
0.006440
0.006404
0.006675
0.006797
0.006508
0.006299
0.006478
0.006424
0.006649
0.006144
0.006690
0.007128
0.007182
0.006564
0.006814
0.006842
0.006396
0.006845
0.006893
0.006382
0.006669
0.006739
0.006710
0.006476
0.006593
0.006492
0.006884
0.006747
0.006337
0.007561
0.006921
0.006022
0.006760
0.006724
0.006991
0.007047
0.006768
0.007144
0.006778
0.006298
0.006761
0.006625
0.006413
0.006463
0.006954
0.006943
0.006887
0.006659
0.006958
0.006617
0.006723
0.006580
0.006537
0.006850
0.006638
0.007116
0.006657
0.007024
0.007413
0.006821
0.006883
0.007102
0.006374
0.006438
0.007009
0.006938
0.006798
0.007463
0.007649
0.006732
0.007210
0.006847
0.007001
0.007211
0.006703
0.006462
0.006326
0.007092
0.006813
0.006891
0.006291
0.006403
0.007048
0.006669
0.006702
0.006504
0.006311
0.006778
0.007017
0.006615
0.006927
0.006837
0.006903
0.006950
