0.008859
0.001801
0.004149
0.005093
0.005664
0.007591
0.005129
0.004702
0.004900
0.004599
0.006405
0.005139
0.005180
0.005995
0.005138
0.005539
0.005322
0.006908
0.006166
0.005444
0.006832
0.005342
0.005962
0.006716
0.005503
0.005447
0.005591
0.006976
0.005807
0.005448
0.005613
0.005461
0.005753
0.005918
0.005575
0.006171
0.006063
0.005877
0.005821
0.006419
0.005773
0.006829
0.006235
0.006095
0.006434
0.006666
0.006252
0.006147
0.006558
0.005960
0.006973
0.007039
0.006954
0.007045
0.006128
0.007011
0.006841
0.007537
0.007067
0.006777
0.007022
0.006990
0.006794
0.006986
0.007185
0.007222
0.007730
0.007970
0.007869
0.007742
0.007733
0.007925
0.007811
0.008659
0.007987
0.008255
0.008264
0.007446
0.007867
0.008747
0.008421
0.008233
0.008256
0.008724
0.007919
0.008881
0.008469
0.008918
0.008757
0.008398
0.008941
0.009141
0.009677
0.008308
0.009181
0.009347
0.009160
0.009121
0.010324
0.009309
