0.003016
0.002840
0.004974
0.006876
0.008406
0.007476
0.007250
0.006609
0.007821
0.007805
0.009355
0.007101
0.009107
0.007521
0.023208
0.052268
0.020748
0.006862
0.019157
0.009371
0.025603
0.015929
0.007804
0.009216
0.007756
0.030658
0.009213
0.017521
0.007565
0.007283
0.041081
0.009816
0.009040
0.008475
0.007554
0.008165
0.007307
0.009687
0.008155
0.007368
0.008867
0.007679
0.020338
0.008400
0.035049
0.008023
0.007854
0.009098
0.007979
0.008848
0.007677
0.008038
0.008364
0.008463
0.008581
0.013245
0.016033
0.027860
0.025101
0.025904
0.009591
0.008575
0.016694
0.008259
0.008465
0.008218
0.009074
0.044800
0.009105
0.019258
0.024047
0.008690
0.008519
0.008931
0.009413
0.008956
0.009208
0.009705
0.048331
0.009034
0.011592
0.008516
0.012043
0.009478
0.022507
0.009317
0.015276
0.031963
0.022342
0.067841
0.018983
0.011777
0.009738
0.010383
0.009462
0.009065
0.038335
0.009627
0.009329
0.010286
